4294967294,0
4294967279,380
437,6
4294967278,232
4294967279,423
4294967278,296
437,5
4294967279,386
4294967278,463
4294967279,385
4294967278,357
4294967279,157
4294967279,260
4294967279,0
4294967278,369
440,231
440,448
440,230
440,31
440,229
4294967279,258
440,384
440,34
440,228
440,263
4294967279,344
440,227
440,262
440,226
440,225
440,224
440,151
440,223
440,222
4294967278,125
4294967278,118
4294967278,116
4294967278,115
4294967278,274
4294967279,447
4294967278,228
440,221
440,220
4294967279,343
4294967278,336
440,261
440,147
440,260
440,146
440,219
440,218
440,217
4294967278,112
4294967278,101
4294967278,85
4294967278,82
4294967279,416
440,216
440,259
440,21
437,4
440,257
440,215
440,258
440,53
440,214
4294967278,230
4294967279,358
440,190
440,61
440,213
440,212
440,256
440,211
440,145
440,191
440,20
440,210
440,141
440,142
440,209
440,18
436,4
440,208
4294967278,87
4294967278,356
440,52
440,181
440,185
440,207
440,55
440,19
440,206
440,205
440,204
440,203
4294967294,22
4294967294,7
4294967279,322
4294967294,6
430,2
4294967278,226
4294967278,86
440,175
440,202
440,201
440,180
440,177
440,200
440,199
440,198
0,5
430,6
4294967279,391
440,172
440,197
440,196
440,195
440,194
440,193
440,192
440,127
440,126
440,125
440,124
440,123
440,122
440,121
440,120
440,119
440,118
440,117
440,116
440,115
440,114
440,113
440,112
440,111
440,110
440,109
440,108
440,107
440,106
440,105
440,104
440,103
440,102
440,101
440,100
440,99
440,98
440,97
440,96
440,95
440,94
440,93
440,92
440,91
440,90
440,89
440,88
440,87
440,86
440,85
440,84
440,83
440,82
440,81
440,80
440,79
440,78
440,77
440,76
440,75
440,74
440,73
440,72
440,71
440,70
440,69
440,68
440,67
440,66
440,65
440,64
440,63
440,62
428,4
430,4
4294967293,131
4294967293,130
4294967293,129
4294967293,128
4294967293,127
4294967293,126
4294967293,125
4294967293,124
4294967293,123
4294967293,122
4294967293,121
4294967293,120
4294967293,119
4294967293,118
4294967293,117
4294967293,116
4294967293,115
4294967293,114
4294967293,113
4294967293,112
4294967293,111
4294967293,110
4294967293,109
4294967293,108
4294967293,107
4294967293,106
4294967293,105
4294967293,104
4294967293,103
4294967293,102
4294967293,101
4294967293,100
4294967293,99
4294967293,98
4294967293,97
4294967293,96
4294967293,95
4294967293,94
4294967293,93
4294967293,92
4294967293,91
4294967293,90
4294967293,89
4294967293,87
4294967293,86
4294967293,85
4294967293,84
4294967293,83
4294967293,82
4294967293,81
4294967293,80
4294967293,79
4294967293,78
4294967293,77
4294967293,76
4294967293,75
4294967293,74
4294967293,73
4294967293,72
4294967293,71
4294967293,70
4294967293,69
4294967293,68
4294967293,67
4294967293,66
4294967293,65
4294967293,64
4294967293,63
4294967293,62
4294967293,61
4294967293,60
4294967293,59
4294967293,58
4294967293,57
4294967293,56
4294967293,55
4294967293,54
4294967293,53
4294967293,52
4294967293,51
4294967293,50
4294967293,49
4294967293,48
4294967293,47
4294967293,46
4294967293,45
4294967293,44
4294967293,43
4294967293,42
4294967293,41
4294967293,40
4294967293,39
4294967293,38
4294967293,37
4294967293,36
4294967293,35
4294967293,34
4294967293,33
4294967293,32
4294967293,31
4294967293,30
4294967293,29
4294967293,28
4294967293,27
4294967293,26
4294967293,25
4294967293,24
4294967293,23
4294967293,22
4294967293,21
4294967293,20
4294967293,19
4294967293,18
4294967293,17
4294967293,16
4294967293,15
4294967293,14
4294967293,13
4294967293,12
4294967293,11
4294967293,10
4294967293,9
4294967293,8
4294967293,7
4294967293,6
4294967293,5
4294967293,4
4294967293,3
4294967279,106
4294967279,105
4294967279,104
4294967279,103
4294967279,102
4294967279,101
4294967279,100
4294967279,99
4294967279,98
4294967279,97
4294967279,96
4294967279,95
4294967279,94
4294967279,93
4294967279,92
4294967279,91
4294967279,90
4294967279,89
4294967279,87
4294967279,86
4294967279,84
4294967279,83
4294967279,82
4294967279,85
4294967278,295
4294967279,381
440,57
440,54
440,51
440,49
440,48
440,47
440,46
440,45
440,41
440,40
440,39
440,37
440,36
440,32
440,29
440,28
440,27
440,25
440,23
440,17
440,16
440,13
440,11
440,10
440,9
440,8
440,323
440,410
440,623
440,183
440,173
440,182
440,482
440,186
440,622
440,188
440,621
440,359
440,128
440,620
440,619
440,481
440,618
440,617
440,358
440,357
440,189
440,321
440,320
440,616
440,409
440,144
440,480
440,615
440,614
440,613
440,408
440,149
440,356
440,612
440,322
440,611
440,610
440,355
440,153
440,407
440,609
440,58
440,608
440,354
440,24
440,607
440,606
4294967279,365
440,60
440,35
440,22
440,479
440,406
440,137
440,605
440,405
440,604
440,136
440,478
440,603
440,477
440,353
440,602
440,187
440,155
440,601
440,476
440,475
440,458
4294967279,240
4294967279,238
4294967279,237
4294967279,235
